         28.772         217.460
         50.837         207.823
         74.030         199.892
         96.678         190.807
        124.988         180.594
        147.642         173.222
        173.138         167.548
        199.220         159.031
        222.471         156.192
        246.860         152.222
        273.520         149.392
        309.852         147.125
        339.951         146.566
        366.087         147.719
        383.704         146.584
        406.446         149.450
        422.943         150.028
        442.287         149.465
        463.346         150.607
        478.706         151.757
        500.347         153.482
        519.144         154.063
        539.656         156.922
        561.314         161.498
        582.409         165.504
        600.080         170.654
        623.475         175.809
        645.722         182.682
        660.558         188.980
        678.835         194.137
        700.526         203.297
        715.947         210.174
        727.940         219.331
