         21.991         239.062
         28.693         234.676
         35.526         231.794
         45.500         227.816
         51.648         225.073
         55.203         222.471
         59.441         219.321
         65.862         216.169
         73.101         212.332
         89.350         204.523
         95.628         202.193
        101.770         199.454
        111.380         196.429
        122.667         193.211
        135.137         187.461
        142.718         184.248
        150.466         180.867
        160.907         176.471
        175.386         170.218
        190.868         164.978
        208.533         159.232
        216.607         156.023
        223.275         154.974
        238.965         151.779
        252.972         148.024
        263.054         145.209
        281.906         141.640
        298.140         138.636
        314.556         135.632
        324.420         134.091
        335.862         133.438
        353.746         132.296
        379.839         130.988
        422.984         129.510
        435.745         130.460
        449.473         131.641
        463.436         131.395
        481.182         132.574
        496.558         133.040
        512.878         134.219
        531.323         136.109
        548.583         139.424
        575.768         144.633
        585.305         147.045
        602.369         151.910
        616.251         154.758
        630.133         158.447
        649.027         162.299
        661.567         165.484
        670.596         168.502
        679.623         171.353
        691.594         175.453
        703.345         179.153
        712.227         182.580
        723.158         186.555
        732.861         191.492
