         22.043         242.934
         22.934         238.715
         26.916         235.644
         33.732         233.083
         39.904         231.034
         46.076         228.985
         51.992         227.576
         57.389         224.889
         63.046         223.096
         67.545         221.560
         74.228         219.256
         81.167         216.569
         88.748         213.882
         94.012         210.686
         97.479         208.640
        103.002         206.338
        105.393         205.500
        109.212         203.281
        114.463         200.112
        120.034         197.735
        122.896         195.517
        130.536         192.348
        137.537         189.179
        144.698         186.327
        149.950         184.742
        153.928         183.475
        158.701         181.732
        164.270         179.990
        170.473         177.297
        176.837         175.555
        176.837         175.555
        183.995         173.021
        189.403         171.279
        199.105         168.745
        207.691         165.579
        212.150         164.702
        224.775         160.847
        236.388         157.160
        248.845         154.647
        264.995         149.119
        275.930         146.104
        284.514         145.434
        295.785         143.424
        305.205         141.917
        312.971         140.802
        321.898         139.590
        331.027         138.581
        338.938         137.571
        348.877         136.562
        358.816         136.158
        373.213         134.947
        384.771         134.342
        397.342         134.140
        412.140         133.939
        423.693         133.737
        438.284         133.939
        446.312         134.413
        456.178         135.209
        466.306         135.209
        477.236         136.006
        494.026         137.067
        509.479         137.863
        521.735         138.924
        536.918         140.251
        551.304         142.638
        565.418         144.494
        576.071         146.350
        587.689         149.498
        605.131         152.271
        615.188         155.407
        630.086         159.025
        642.320         162.762
        652.125         164.570
        661.355         167.107
        674.728         171.366
        686.497         175.803
        699.331         180.062
        712.345         185.385
        722.864         190.175
        733.201         194.255
        740.511         198.158
