         28.274         242.196
         47.085         231.957
         66.668         218.607
         85.454         209.953
        104.210         199.755
        122.965         191.908
        143.256         180.934
        168.990         171.534
        196.262         161.363
        225.075         153.526
        252.320         148.051
        277.223         144.128
        308.326         140.211
        333.966         137.069
        364.283         135.488
        393.805         134.684
        413.995         133.890
        443.480         132.311
        472.204         133.061
        497.044         134.590
        526.531         136.114
        552.937         139.201
        580.148         144.603
        604.238         149.242
        636.894         156.199
        661.767         161.611
        685.906         168.577
        704.600         174.773
        723.289         180.183
