         22.487         211.253
         40.081         209.008
         57.695         202.806
         78.153         196.036
        103.747         183.626
        129.909         174.029
        152.109         167.248
        172.608         160.464
        201.653         152.554
        226.726         145.763
        252.367         141.806
        274.590         140.106
        291.688         137.280
        317.331         136.714
        341.270         135.581
        362.941         134.457
        382.310         136.150
        401.123         136.151
        422.207         138.423
        446.736         137.857
        466.667         141.822
        484.925         142.391
        507.707         146.357
        530.495         150.890
        550.424         155.424
        570.359         159.400
        591.439         163.366
        607.371         167.332
        625.574         173.567
        643.195         179.803
        656.864         183.200
        675.054         189.435
        690.965         195.658
        705.722         202.458
        718.205         208.122
        731.832         214.353
