         27.876         233.086
         49.124         226.414
         68.460         220.074
         90.340         209.612
        113.155         199.152
        134.706         189.004
        160.677         177.918
        174.614         172.215
        193.939         164.925
        209.769         159.852
        226.236         154.788
        238.590         150.983
        253.468         147.816
        272.466         143.689
        291.452         140.201
        311.086         137.659
        335.457         134.806
        353.182         133.213
        373.750         131.937
        394.955         131.298
        411.871         131.320
        431.437         131.040
        449.638         131.569
        466.752         132.377
        490.387         133.988
        505.874         135.345
        519.737         137.230
        536.578         138.307
        549.612         139.933
        565.649         142.634
        577.875         144.530
        591.999         147.779
        608.035         150.748
        620.533         153.998
        639.007         158.878
        655.587         164.019
        671.081         168.900
        688.468         174.040
        705.051         180.007
        721.364         185.695
        736.320         193.287
