         26.154         212.702
         40.594         209.621
         57.639         206.290
         69.236         200.454
         77.556         196.868
         82.774         194.872
         94.537         189.635
        103.738         185.444
        112.789         182.301
        123.953         178.558
        134.216         174.515
        143.273         171.219
        153.690         167.624
        164.261         163.728
        177.097         160.131
        182.607         158.352
        192.386         155.847
        200.276         153.342
        214.790         150.054
        232.304         146.608
        245.875         144.415
        255.029         142.848
        264.497         141.752
        274.994         139.881
        292.869         138.627
        313.272         137.731
        330.970         136.835
        352.288         135.400
        371.793         135.580
        383.777         136.006
        406.587         136.431
        425.984         137.279
        447.724         138.975
        464.764         141.730
        485.018         143.003
        499.087         144.275
        506.418         145.085
        521.299         148.557
        533.630         150.641
        552.000         154.808
        568.052         157.817
        582.929         161.752
        592.228         164.066
        602.460         166.381
        608.753         168.543
        618.601         172.509
        631.126         175.342
        641.741         178.741
        649.327         180.819
        664.103         186.294
        676.417         190.637
        691.186         196.489
        703.304         201.209
        714.652         206.493
        721.317         209.040
        728.979         212.377
        735.756         216.897
        741.350         220.555
