         32.737         237.750
         45.776         230.390
         58.811         224.728
         72.991         218.510
         91.128         210.015
        106.998         203.797
        122.869         197.003
        138.174         189.653
        154.598         183.427
        167.641         176.635
        187.460         171.541
        202.752         166.449
        218.612         160.791
        235.024         155.700
        252.574         151.176
        267.854         147.219
        290.474         143.262
        310.831         139.863
        330.608         138.173
        349.244         137.606
        368.460         135.341
        389.335         135.341
        413.040         135.341
        432.774         136.473
        457.004         138.737
        476.156         140.424
        495.302         142.120
        515.572         143.816
        538.099         143.249
        565.668         146.064
        584.228         147.193
        607.278         150.007
        631.416         155.079
        654.980         160.150
        677.407         165.218
        693.117         167.473
        711.058         171.410
        727.273         177.603
