         19.420         197.285
         33.108         193.546
         46.444         195.755
         60.169         189.210
         75.443         182.346
         91.964         175.492
        111.607         167.388
        130.629         160.224
        147.458         155.239
        166.796         148.382
        184.885         142.764
        201.105         138.395
        217.949         133.725
        236.052         130.607
        258.513         127.488
        278.500         125.298
        302.541         123.429
        326.916         121.869
        347.865         122.192
        368.515         122.817
        391.336         124.144
        411.199         126.134
        431.075         127.563
        449.265         130.680
        470.306         134.090
        490.798         137.795
        511.013         141.492
        531.822         146.620
        542.657         148.044
        556.065         150.899
        565.492         156.311
        580.348         159.734
        588.921         161.442
        598.356         165.439
        614.087         170.290
        632.980         176.003
        654.184         181.441
        674.245         186.034
        688.304         191.179
        703.809         196.057
        719.886         198.643
        732.822         203.512
        743.774         209.535
