         26.869         225.142
         43.891         221.156
         65.427         215.854
         84.331         207.339
        100.844         200.688
        120.032         193.235
        136.032         186.577
        152.027         180.186
        170.969         172.994
        185.657         167.398
        202.466         162.602
        223.297         156.463
        241.988         152.195
        266.033         147.395
        287.148         144.196
        307.999         141.527
        329.116         139.399
        350.989         137.751
        370.861         136.845
        389.626         136.209
        416.879         136.217
        444.719         137.109
        470.810         138.584
        496.322         140.942
        521.245         143.884
        545.591         147.117
        573.748         152.413
        603.661         159.178
        632.096         166.828
        659.957         175.354
        683.409         183.297
        705.103         191.240
        733.213         204.464
