         19.192         229.185
         25.557         227.684
         35.165         224.679
         44.659         222.021
         50.680         220.636
         58.092         218.787
         63.768         217.284
         68.289         214.968
         73.506         212.304
         79.187         209.640
         85.796         206.861
         94.493         203.618
         98.338         202.375
        106.123         200.004
        115.366         196.179
        123.687         192.221
        130.953         188.922
        140.598         184.963
        150.246         180.607
        159.234         177.042
        168.616         174.535
        173.637         172.501
        182.930         168.840
        193.921         165.965
        206.359         161.781
        219.975         158.251
        232.415         155.243
        241.976         153.020
        251.149         150.403
        258.148         148.792
        270.755         147.259
        282.748         145.878
        297.668         144.037
        309.052         142.810
        320.597         140.659
        328.447         139.738
        341.225         138.048
        352.150         137.898
        361.168         137.617
        371.960         136.790
        381.917         137.208
        392.505         136.589
        408.069         137.009
        427.169         137.223
        443.161         137.021
        462.058         138.065
        480.749         139.526
        490.095         140.361
        500.010         141.417
        512.153         142.700
        523.175         144.463
        533.401         145.905
        547.621         148.309
        556.251         149.592
        572.078         151.677
        579.901         154.079
        589.493         155.683
        600.831         159.047
        608.288         161.122
        621.826         164.348
        637.502         169.052
        649.836         172.144
        656.931         175.100
        667.780         178.997
        675.015         181.416
        682.524         183.433
        688.952         185.986
        694.677         188.194
        703.981         192.568
        714.110         197.297
        729.091         202.149
        734.389         204.868
