         25.032         238.651
         42.289         229.218
         62.667         219.001
         84.598         208.777
        106.516         200.133
        124.512         191.496
        140.949         183.647
        158.149         176.581
        181.596         167.157
        205.818         160.091
        226.902         153.031
        254.212         145.189
        269.822         142.054
        289.310         139.698
        312.706         134.988
        338.415         132.631
        357.892         131.829
        382.030         128.694
        404.603         128.682
        433.396         129.446
        458.295         130.213
        486.292         131.757
        512.718         135.652
        539.921         137.975
        560.901         141.091
        584.204         145.754
        603.626         151.208
        623.818         155.101
        647.884         161.329
        668.844         166.769
        692.140         175.344
        715.422         183.907
        731.719         190.916
