         24.094         221.323
         32.248         218.430
         39.896         214.512
         47.204         211.105
         55.702         207.870
         66.920         203.612
         77.800         199.694
         92.932         194.584
        101.779         190.322
        111.644         187.084
        124.744         182.311
        133.543         179.247
        148.898         174.853
        164.697         170.237
        175.892         166.279
        190.378         163.203
        201.135         160.564
        209.918         158.806
        223.312         156.829
        232.975         155.512
        240.225         153.752
        251.428         152.655
        260.217         151.336
        273.841         150.240
        281.780         150.038
        299.769         149.482
        319.734         148.081
        336.609         147.806
        350.110         148.376
        365.867         148.665
        383.879         149.801
        400.209         149.809
        414.286         151.791
        432.881         150.953
        450.066         152.937
        461.483         151.843
        476.824         153.480
        495.194         154.654
        513.801         156.527
        526.600         156.766
        534.745         157.003
        549.638         159.808
        557.783         161.444
        569.188         164.481
        588.281         167.989
        597.177         170.196
        612.617         175.009
        627.913         179.073
        640.361         183.136
        653.862         187.350
        662.263         190.661
        679.821         196.833
        688.631         200.451
        703.208         206.065
        714.051         211.911
        726.533         217.176
        732.712         221.968
