         26.283         219.755
         43.007         212.491
         65.732         203.631
         99.193         191.299
        128.571         179.907
        155.428         171.987
        185.137         163.445
        211.386         158.378
        237.634         154.269
        265.168         151.420
        293.332         149.210
        323.425         147.951
        350.983         147.963
        379.194         148.296
        407.026         149.680
        433.132         150.794
        460.072         151.087
        489.504         153.026
        517.288         155.246
        544.261         158.840
        571.252         164.374
        599.348         170.452
        623.041         176.822
        645.921         183.455
        669.358         192.030
        692.255         199.503
        712.124         207.257
        728.398         216.658
