         26.965         214.489
         45.064         209.407
         66.009         204.324
         85.253         197.538
         98.851         192.448
        116.413         188.493
        134.553         181.698
        156.091         173.209
        175.948         166.976
        192.409         160.181
        210.575         156.774
        225.912         152.807
        239.555         148.839
        258.306         145.429
        280.468         143.166
        303.215         140.892
        324.260         138.628
        348.144         138.060
        370.339         135.785
        388.542         135.217
        413.566         137.497
        442.576         139.207
        471.018         142.615
        499.447         146.593
        522.187         150.011
        547.764         155.127
        568.220         159.672
        592.648         165.346
        618.772         172.167
        643.745         179.555
        664.173         185.793
        683.457         192.041
        699.324         198.286
        717.446         205.657
        731.612         211.331
