         20.554         209.543
         25.290         203.932
         32.710         197.651
         43.895         195.418
         55.983         192.286
         63.612         188.027
         74.818         183.546
         82.217         180.408
         87.153         177.718
         97.688         173.684
        108.003         169.426
        116.974         165.391
        127.959         161.581
        139.841         157.547
        152.619         153.737
        168.543         148.132
        175.888         145.818
        196.470         139.796
        217.053         135.029
        236.886         131.767
        249.443         129.257
        271.050         124.737
        286.625         124.488
        295.144         123.932
        304.713         124.189
        312.370         123.679
        317.095         122.531
        325.647         122.915
        332.797         122.916
        350.040         123.046
        359.368         122.409
        366.524         123.432
        372.915         124.199
        378.668         124.328
        382.956         124.502
        391.319         125.200
        399.683         125.480
        405.958         125.759
        413.351         127.015
        421.024         127.992
        428.280         128.690
        432.746         128.552
        439.029         130.226
        448.105         131.483
        457.743         132.880
        465.289         134.556
        471.619         135.323
        477.882         137.163
        487.643         138.086
        494.278         139.927
        500.177         141.216
        508.102         142.139
        516.769         143.430
        526.731         145.642
        539.102         149.881
        547.037         150.437
        552.947         151.729
        558.126         154.678
        563.119         156.891
        573.284         159.292
        580.684         161.876
        589.909         164.226
        602.099         167.460
        610.868         170.693
        622.503         175.258
        633.751         177.547
        642.911         180.404
        651.308         182.502
        661.419         183.842
        669.253         186.511
        678.998         189.373
        687.797         192.805
        693.354         196.235
        701.776         199.479
        708.083         200.438
        716.098         201.777
        726.702         204.399
        733.109         208.604
        739.961         211.110
