         26.322         245.954
         31.779         241.605
         39.610         236.972
         44.503         230.948
         52.189         227.579
         58.475         223.094
         66.575         219.028
         73.834         215.663
         81.091         211.741
         86.670         208.241
         93.922         204.740
         99.081         201.941
        102.705         199.982
        106.350         199.089
        112.155         196.559
        118.174         192.604
        126.603         189.196
        132.511         186.120
        139.185         183.702
        143.998         181.834
        150.668         178.759
        155.913         176.016
        159.847         174.260
        165.530         171.955
        170.664         169.651
        175.033         168.005
        181.959         166.346
        189.292         163.313
        199.754         160.062
        206.869         157.678
        214.852         156.374
        222.293         154.855
        229.296         152.690
        237.806         150.200
        245.564         148.466
        249.911         148.868
        262.010         146.060
        274.294         143.812
        282.298         142.686
        291.420         141.746
        299.049         140.807
        309.100         140.053
        318.392         137.996
        329.739         137.054
        341.654         137.415
        349.271         136.105
        356.413         135.893
        368.688         135.589
        383.586         134.990
        397.457         134.247
        410.889         133.796
        421.697         133.933
        434.249         133.629
        440.916         133.164
        454.994         132.211
        471.925         134.311
        486.234         133.593
        502.656         133.343
        517.933         135.209
        533.911         137.074
        547.530         138.235
        557.170         139.871
        567.735         140.801
        573.694         142.822
        586.507         145.910
        594.260         147.065
        602.799         148.995
        613.850         150.921
        620.256         152.465
        630.158         154.975
        638.904         157.679
        652.097         160.573
        665.491         163.854
        675.767         165.781
        683.335         167.518
        687.801         168.676
        693.916         169.948
        703.663         173.866
        713.749         177.437
        723.492         181.124
        734.510         185.156
