         22.220         237.309
         38.061         228.881
         56.161         220.766
         71.992         212.023
         90.398         204.244
        112.341         196.143
        130.083         188.371
        147.505         181.895
        167.815         173.474
        188.755         166.359
        212.916         158.262
        234.156         152.445
        255.077         147.262
        280.165         141.446
        302.994         137.877
        325.925         134.310
        353.046         131.312
        375.859         130.308
        404.613         129.622
        441.275         129.272
        473.639         131.244
        509.613         135.203
        544.588         139.821
        578.555         144.438
        609.222         151.044
        636.582         158.320
        664.919         165.583
        687.995         173.189
        709.409         180.795
        733.128         191.045
