         21.393         243.837
         27.877         240.165
         35.763         235.794
         44.174         230.898
         52.057         227.575
         60.990         224.426
         69.048         220.753
         77.455         217.779
         83.762         214.457
         91.119         211.135
         96.550         208.163
        101.456         205.540
        108.988         202.043
        114.417         199.770
        120.723         196.798
        124.753         195.311
        131.671         193.221
        137.790         189.687
        146.799         186.633
        155.008         182.777
        162.089         179.564
        172.702         176.992
        182.193         173.778
        188.148         170.566
        193.938         168.798
        198.442         167.192
        207.124         164.782
        211.791         162.533
        218.862         161.247
        223.526         159.641
        228.994         157.713
        233.107         156.844
        241.803         155.799
        255.028         152.148
        265.472         148.496
        272.947         147.800
        280.083         145.367
        288.254         144.149
        294.689         142.759
        303.207         141.368
        312.420         139.977
        318.850         139.108
        330.315         138.413
        337.091         137.544
        343.345         136.799
        356.759         136.216
        368.768         136.216
        386.719         136.216
        400.477         135.282
        409.565         135.399
        417.885         136.119
        433.184         137.418
        457.042         138.197
        470.778         139.236
        482.955         140.405
        491.247         140.924
        498.540         141.311
        505.211         142.071
        516.580         143.287
        527.347         143.590
        541.291         144.653
        551.293         145.412
        560.995         145.564
        568.907         146.063
        577.476         146.335
        584.269         147.290
        593.645         148.516
        599.081         148.924
        607.099         149.605
        614.838         150.968
        622.027         152.876
        630.174         153.965
        637.364         155.463
        644.414         157.370
        649.431         158.596
        654.237         159.456
        659.637         161.364
        665.774         162.684
        671.761         164.298
        678.343         164.884
        684.340         165.323
        691.203         166.936
        695.569         169.430
        703.320         169.868
        709.607         170.307
        713.978         172.067
        720.678         175.000
        724.898         177.199
        728.678         179.546
        732.755         181.305
        736.855         180.717
