         19.862         232.447
         26.024         229.832
         37.577         226.695
         52.817         223.297
         63.848         219.371
         73.965         216.099
         85.136         212.169
         96.438         207.057
        103.010         203.779
        106.728         202.530
        117.290         197.684
        129.762         192.625
        143.089         188.198
        150.704         184.612
        158.747         181.869
        169.123         178.493
        178.229         174.903
        186.067         171.312
        194.968         168.566
        201.539         165.819
        206.628         164.128
        216.809         161.169
        222.659         159.056
        240.464         153.113
        251.903         149.774
        268.089         146.680
        277.108         146.554
        287.291         145.353
        302.574         141.480
        312.362         140.145
        330.197         138.810
        348.845         137.073
        357.704         135.603
        371.691         135.872
        393.436         135.126
        414.440         134.380
        441.294         135.280
        457.202         135.729
        471.451         137.874
        502.072         140.510
        525.240         142.061
        547.929         145.782
        569.378         149.193
        579.016         152.684
        593.176         157.516
        602.700         158.234
        616.335         161.636
        634.813         166.291
        650.435         168.978
        664.589         174.168
        678.030         178.642
        682.868         180.253
        690.097         183.235
        703.610         188.004
        713.551         192.670
        724.003         197.235
        731.086         201.695
        735.945         204.534
