         26.670         213.068
         38.295         209.872
         50.500         206.685
         63.006         202.911
         74.928         199.425
         90.338         195.072
        105.472         190.132
        117.115         186.064
        131.371         181.130
        144.766         176.762
        159.042         171.526
        172.734         166.586
        186.442         161.924
        203.937         156.972
        217.933         153.484
        238.366         149.108
        254.419         145.907
        270.187         143.284
        287.706         140.950
        305.518         139.205
        320.413         138.038
        337.360         136.871
        354.601         135.704
        370.091         135.416
        383.353         134.867
        403.804         135.448
        430.294         136.889
        452.460         139.188
        472.620         140.918
        499.387         145.235
        522.695         148.973
        547.452         153.000
        568.161         157.316
        590.880         162.780
        615.317         169.402
        642.327         177.450
        665.020         184.348
        688.563         191.823
        710.936         200.442
        731.550         210.773
