         25.877         237.167
         39.097         232.182
         59.581         222.240
         81.357         211.303
        102.119         200.709
        125.500         189.142
        145.564         180.221
        164.954         172.299
        186.641         165.369
        210.286         158.103
        231.947         152.820
        254.915         148.208
        286.387         143.251
        313.596         140.266
        339.152         137.950
        364.364         135.627
        395.479         134.951
        421.638         133.714
        448.658         133.958
        472.748         133.667
        496.292         133.387
        521.990         135.750
        545.027         137.846
        570.727         141.789
        597.779         147.330
        625.358         153.128
        652.939         159.194
        678.429         166.317
        704.717         173.708
        728.656         182.435
