         23.744         211.451
         44.795         205.926
         68.641         200.081
         88.169         191.166
        113.903         181.017
        139.030         171.776
        163.240         163.156
        186.835         156.072
        210.127         150.218
        236.215         145.277
        261.687         141.578
        288.095         138.803
        315.749         136.645
        345.273         134.794
        368.272         134.487
        394.314         135.215
        420.883         136.072
        443.435         138.056
        468.275         140.328
        496.257         143.736
        522.230         147.713
        547.638         152.257
        570.454         157.090
        593.560         163.048
        615.789         169.295
        637.455         175.541
        661.952         184.057
        685.584         192.572
        709.220         201.365
        737.628         215.549
