         24.678         215.576
         35.573         212.253
         47.988         209.232
         58.132         206.209
         67.066         203.337
         75.698         200.464
         87.818         196.834
         98.577         193.506
        108.430         190.632
        118.735         186.090
        123.605         185.328
        133.288         181.598
        143.527         177.453
        162.908         171.095
        174.680         168.192
        186.038         163.904
        198.508         160.031
        204.591         158.348
        218.622         154.323
        230.237         152.552
        242.015         149.653
        255.894         147.399
        268.645         145.788
        283.983         142.726
        292.056         141.598
        301.421         140.632
        309.993         139.619
        324.896         138.286
        340.932         136.850
        356.761         136.646
        368.071         135.825
        377.002         136.087
        393.319         135.915
        409.286         136.609
        426.640         137.998
        440.875         138.519
        456.842         139.907
        469.680         141.815
        479.396         143.203
        487.705         144.191
        499.955         146.097
        509.073         147.866
        516.694         149.227
        525.674         150.995
        538.330         153.309
        547.038         154.942
        557.389         155.759
        563.088         158.615
        577.736         161.503
        605.361         168.199
        629.080         174.770
        644.162         178.908
        656.087         182.522
        677.193         189.133
        697.001         195.742
        714.683         203.960
        727.233         208.632
        736.055         213.946
        743.269         218.454
