         27.027         230.492
         45.216         225.938
         59.437         221.956
         75.344         214.002
         95.804         205.468
        112.285         198.085
        129.903         191.261
        144.672         184.450
        164.550         174.794
        184.994         166.835
        207.134         160.581
        232.113         152.064
        250.842         146.950
        271.278         142.972
        293.417         139.562
        318.388         136.141
        343.924         132.730
        368.323         131.581
        393.855         129.874
        420.526         130.418
        444.921         131.542
        474.420         132.662
        500.518         134.351
        528.315         138.869
        552.705         141.117
        577.669         145.635
        604.903         150.152
        628.730         155.239
        656.539         162.594
        679.236         169.941
        698.532         176.733
        718.403         185.219
