         28.296         233.771
         41.418         228.657
         51.691         225.809
         64.820         221.265
         78.508         216.721
         91.051         212.747
        101.874         204.240
        117.266         197.994
        131.507         190.615
        145.758         184.382
        164.557         178.140
        185.061         170.764
        208.405         163.967
        238.576         156.027
        266.463         148.100
        296.614         141.868
        316.518         137.907
        347.215         133.948
        369.960         132.248
        390.993         131.681
        421.678         131.116
        442.128         130.550
        469.956         132.817
        488.121         133.384
        513.670         136.207
        532.407         137.906
        549.996         140.727
        572.688         144.690
        594.247         148.642
        615.233         152.592
        635.647         157.108
        654.354         161.622
        678.734         170.086
        694.044         176.296
        716.149         183.634
        730.322         190.963
