         24.086         229.942
         43.598         223.461
         63.744         217.909
         84.213         210.488
        102.200         201.827
        123.314         193.778
        141.952         186.029
        155.009         180.761
        170.875         173.620
        185.814         167.729
        203.260         161.825
        219.467         156.546
        234.433         152.191
        252.218         148.773
        270.632         144.724
        289.375         141.303
        306.241         139.437
        324.056         137.261
        344.062         135.075
        364.394         133.837
        385.355         132.899
        401.916         132.640
        419.201         132.921
        437.874         133.472
        460.453         134.584
        480.253         136.256
        498.933         137.648
        518.724         140.150
        536.301         142.093
        554.979         144.876
        578.119         149.051
        598.180         153.775
        616.292         158.229
        645.806         166.564
        667.530         172.678
        686.448         179.351
        705.090         186.302
        723.152         193.521
        739.795         202.685
