         25.940         235.319
         41.098         229.345
         58.473         223.990
         74.902         219.275
         92.573         211.421
        110.243         201.366
        128.215         193.197
        146.823         185.030
        165.430         178.439
        188.448         170.903
        209.881         165.261
        229.424         159.294
        246.432         154.592
        263.445         149.573
        284.858         145.183
        306.897         141.420
        331.139         137.977
        355.057         135.470
        383.456         133.859
        403.387         133.571
        423.315         133.860
        442.947         133.860
        463.445         134.726
        484.228         135.869
        504.716         137.310
        525.491         139.605
        548.286         142.188
        567.606         145.068
        589.526         149.367
        606.827         153.100
        626.715         157.407
        644.866         162.001
        669.364         169.175
        694.436         177.487
        716.049         186.096
        734.196         194.693
