         21.182         205.639
         36.535         198.257
         57.538         192.011
         76.896         181.206
         96.222         173.824
        115.559         165.289
        138.297         157.335
        159.336         151.081
        181.525         143.693
        203.139         136.864
        226.474         131.175
        254.347         128.909
        281.116         123.786
        305.036         122.648
        328.400         121.508
        359.197         122.084
        385.454         123.230
        414.585         127.800
        442.036         131.230
        467.216         134.099
        496.432         139.827
        522.236         143.840
        538.312         148.424
        557.841         153.588
        580.851         161.618
        600.413         166.791
        620.573         173.118
        636.713         177.722
        655.158         181.755
        672.489         188.668
        684.610         192.125
        696.170         195.593
        709.464         199.631
        721.609         202.518
        735.495         206.560
