         17.956         232.587
         35.914         223.276
         57.768         213.977
         73.370         210.105
         96.807         197.696
        123.371         186.830
        154.638         172.078
        191.378         160.435
        223.447         151.124
        249.256         144.915
        279.762         141.051
        318.123         135.624
        351.782         134.094
        384.681         134.119
        420.724         135.705
        458.349         138.851
        489.725         142.783
        520.326         145.927
        548.580         151.420
        573.705         155.353
        602.767         161.631
        630.273         167.901
        657.781         177.317
        684.523         184.383
        710.476         193.013
        725.417         200.852
