         31.025         237.106
         53.051         226.957
         77.782         217.146
        103.870         204.971
        125.551         195.164
        149.936         185.356
        173.978         176.226
        193.952         169.124
        218.322         161.010
        243.358         154.248
        276.500         146.811
        315.364         140.727
        358.249         137.010
        396.374         135.997
        429.073         137.010
        450.975         137.694
        475.327         139.937
        500.908         142.179
        525.743         143.418
        548.344         144.419
        573.153         146.649
        595.719         148.640
        619.258         152.623
        638.568         156.595
        660.588         161.566
        680.890         164.544
        699.427         168.511
        719.927         174.972
        735.966         180.679
