         23.395         224.689
         46.745         219.261
         73.235         210.696
         92.722         202.130
        116.132         192.782
        137.208         184.208
        164.530         174.842
        189.545         164.697
        219.249         156.111
        249.753         147.519
        279.482         142.048
        310.788         138.921
        346.802         135.804
        383.607         135.033
        429.048         135.047
        465.879         137.407
        496.468         138.984
        534.884         143.708
        567.028         149.215
        599.951         157.860
        629.734         166.505
        654.050         172.015
        682.262         182.231
        705.773         191.672
        725.372         197.967
