         17.970         234.217
         22.159         231.055
         29.360         226.230
         34.882         223.904
         41.912         220.745
         48.773         218.087
         56.302         215.763
         64.330         214.106
         72.693         212.783
         78.220         209.955
         83.918         206.626
         91.623         202.966
         99.666         198.973
        118.776         187.983
        123.355         187.001
        130.142         183.968
        142.013         180.265
        148.805         176.217
        164.077         170.658
        170.017         168.298
        190.385         161.220
        218.054         153.640
        226.660         152.748
        235.376         150.673
        245.311         149.033
        253.509         146.523
        264.753         144.970
        271.206         143.673
        282.761         142.271
        292.702         140.773
        303.505         139.921
        311.719         138.960
        325.122         137.249
        337.553         136.505
        342.848         136.725
        348.190         136.890
        355.425         136.896
        366.212         136.632
        379.322         136.779
        394.485         136.655
        405.002         137.343
        415.663         136.536
        422.763         138.445
        431.509         138.996
        441.665         140.256
        454.054         141.923
        462.380         141.930
        469.223         142.856
        476.439         143.230
        488.466         144.529
        499.014         145.827
        507.342         146.939
        515.857         147.867
        523.076         148.978
        532.332         150.644
        541.037         151.389
        551.038         152.687
        558.443         154.574
        565.994         156.712
        576.706         158.741
        588.209         160.995
        599.491         162.801
        608.513         165.390
        613.702         166.741
        618.890         168.542
        628.635         171.289
        641.366         174.784
        652.743         178.674
        662.854         180.980
        669.539         183.283
        678.874         185.833
        695.924         189.594
        704.665         193.565
        716.174         198.752
        732.004         205.926
        738.975         210.448
