         20.411         238.171
         26.207         234.936
         36.854         231.699
         46.288         228.596
         56.664         224.686
         67.444         220.911
         77.414         216.733
         87.384         212.152
         93.715         209.322
         99.238         206.224
        101.932         204.877
        108.397         202.048
        112.562         200.143
        120.371         196.302
        134.963         189.517
        144.051         187.083
        151.857         183.371
        160.303         179.403
        167.469         176.715
        175.657         172.876
        184.614         170.059
        191.420         167.814
        201.948         163.812
        211.001         161.073
        221.317         157.071
        233.527         153.490
        252.052         149.905
        262.786         146.535
        283.622         142.319
        296.671         140.210
        309.720         139.362
        323.188         137.673
        331.619         136.326
        348.794         134.668
        363.986         133.010
        378.187         132.508
        392.718         131.841
        410.881         131.337
        422.933         131.166
        429.208         131.492
        435.694         132.696
        446.829         133.291
        457.512         133.736
        468.194         134.031
        477.220         134.177
        490.158         134.621
        504.751         135.515
        518.294         137.461
        528.373         138.207
        539.433         140.341
        553.451         141.291
        563.037         142.602
        573.104         144.751
        588.205         147.854
        599.350         150.122
        615.648         153.874
        629.159         156.824
        640.452         160.145
        653.962         162.725
        663.963         166.786
        680.627         172.322
        693.027         175.088
        702.658         179.149
        712.473         183.025
        721.292         187.120
        728.230         189.797
        734.836         193.145
        739.088         194.483
