         23.155         229.389
         47.374         218.563
         72.489         210.761
         94.006         199.017
        115.819         189.989
        139.460         180.054
        163.718         170.723
        194.345         161.096
        224.980         152.970
        250.457         147.558
        272.612         143.947
        299.324         140.039
        319.056         137.940
        343.954         136.752
        370.081         136.473
        391.043         136.171
        409.950         137.613
        434.021         139.061
        457.517         141.358
        482.176         143.946
        505.979         146.824
        528.365         149.693
        551.902         153.433
        578.592         158.877
        611.630         166.342
        635.476         171.789
        659.330         178.109
        682.041         184.991
        707.641         193.310
        727.483         201.345
