         27.717         226.861
         44.676         222.361
         65.606         217.861
         82.560         210.526
         97.833         203.762
        111.428         198.682
        125.584         192.466
        143.146         185.125
        157.321         179.469
        174.914         171.540
        191.385         165.878
        210.132         158.518
        230.032         151.712
        258.482         146.609
        283.537         142.071
        315.449         137.530
        339.962         135.255
        371.337         132.419
        399.291         131.850
        430.680         132.992
        459.793         134.134
        484.331         137.546
        518.610         139.260
        550.004         143.815
        578.553         148.941
        604.797         154.636
        635.017         163.742
        658.402         170.566
        681.195         177.970
        698.852         184.801
        718.776         192.760
